"# Sensor Name: internal_sensor, Pin: 9, InfluxDB Org: thz_lab, InfluxDB Bucket: sensor_data"
date,time,temperature,humidity
2025-04-22,11:08:16,21.2,48.4
2025-04-22,11:08:46,21.2,48.4
2025-04-22,11:09:16,21.2,48.3
2025-04-22,11:09:46,21.2,48.3
2025-04-22,11:10:16,21.2,48.4
2025-04-22,11:10:46,21.2,48.4
2025-04-22,11:11:16,21.2,48.4
2025-04-22,11:11:46,21.2,48.4
2025-04-22,11:12:16,21.2,48.4
2025-04-22,11:12:46,21.2,48.4
2025-04-22,11:13:16,21.2,48.4
2025-04-22,11:13:46,21.2,48.3
2025-04-22,11:14:16,21.2,48.4
2025-04-22,11:14:46,21.2,48.4
2025-04-22,11:15:16,21.2,48.4
2025-04-22,11:15:46,21.2,48.4
2025-04-22,11:16:16,21.2,48.4
2025-04-22,11:16:46,21.2,48.4
2025-04-22,11:17:16,21.2,48.4
2025-04-22,11:17:46,21.2,48.4
2025-04-22,11:18:16,21.2,48.5
2025-04-22,11:18:46,21.2,48.4
2025-04-22,11:19:16,21.2,48.5
2025-04-22,11:19:46,21.2,48.5
2025-04-22,11:20:16,21.2,48.5
2025-04-22,11:20:46,21.2,48.5
2025-04-22,11:21:16,21.2,48.6
2025-04-22,11:21:46,21.2,48.5
2025-04-22,11:22:16,21.2,48.5
2025-04-22,11:22:46,21.2,48.5
2025-04-22,11:23:19,21.2,48.5
2025-04-22,11:23:46,21.2,48.5
2025-04-22,11:24:16,21.2,48.6
2025-04-22,11:24:46,21.2,48.6
2025-04-22,11:25:16,21.2,48.6
2025-04-22,11:25:46,21.2,48.6
2025-04-22,11:26:16,21.2,48.6
2025-04-22,11:26:46,21.2,48.6
2025-04-22,11:27:16,21.2,48.7
2025-04-22,11:27:46,21.2,48.7
2025-04-22,11:28:19,21.2,48.7
2025-04-22,11:28:49,21.2,48.7
2025-04-22,11:29:16,21.2,48.7
2025-04-22,11:29:46,21.2,48.7
2025-04-22,11:30:16,21.2,48.7
2025-04-22,11:30:46,21.2,48.7
2025-04-22,11:31:16,21.2,48.7
2025-04-22,11:31:46,21.2,48.7
2025-04-22,11:32:16,21.2,48.8
2025-04-22,11:32:46,21.2,48.8
2025-04-22,11:33:16,21.2,48.8
2025-04-22,11:33:46,21.2,48.8
2025-04-22,11:34:16,21.2,48.8
2025-04-22,11:34:46,21.2,48.9
2025-04-22,11:35:16,21.2,48.9
2025-04-22,11:35:49,21.2,48.9
2025-04-22,11:36:19,21.2,48.9
2025-04-22,11:36:46,21.2,48.9
2025-04-22,11:37:16,21.2,48.9
2025-04-22,11:37:46,21.2,48.9
2025-04-22,11:38:19,21.2,49.0
2025-04-22,11:38:46,21.2,49.0
2025-04-22,11:39:16,21.2,49.0
2025-04-22,11:39:46,21.2,49.0
2025-04-22,11:40:16,21.2,49.0
2025-04-22,11:40:46,21.2,49.0
2025-04-22,11:41:16,21.2,49.1
2025-04-22,11:41:46,21.2,49.1
2025-04-22,11:42:16,21.2,49.2
2025-04-22,11:42:46,21.2,49.2
2025-04-22,11:43:16,21.2,49.3
2025-04-22,11:43:46,21.2,49.3
2025-04-22,11:44:16,21.2,49.3
2025-04-22,11:44:46,21.2,49.4
2025-04-22,11:45:16,21.3,49.4
2025-04-22,11:45:46,21.3,49.4
2025-04-22,11:46:16,21.3,49.4
2025-04-22,11:46:46,21.2,49.5
2025-04-22,11:47:16,21.2,49.5
2025-04-22,11:47:46,21.3,49.5
2025-04-22,11:48:16,21.2,49.5
2025-04-22,11:48:46,21.3,49.5
2025-04-22,11:49:16,21.3,49.6
2025-04-22,11:49:46,21.3,49.6
2025-04-22,11:50:16,21.3,49.6
2025-04-22,11:50:51,21.3,49.6
2025-04-22,11:51:16,21.3,49.6
2025-04-22,11:51:46,21.3,49.7
2025-04-22,11:52:16,21.3,49.7
2025-04-22,11:52:46,21.3,49.8
2025-04-22,11:53:16,21.3,49.8
2025-04-22,11:53:46,21.3,49.8
2025-04-22,11:54:16,21.3,49.9
2025-04-22,11:54:46,21.3,49.9
2025-04-22,11:55:16,21.3,49.9
2025-04-22,11:55:46,21.3,49.9
2025-04-22,11:56:16,21.3,50.0
2025-04-22,11:56:46,21.3,50.1
2025-04-22,11:57:16,21.3,50.1
2025-04-22,11:57:46,21.3,50.1
2025-04-22,11:58:16,21.3,50.2
2025-04-22,11:58:46,21.3,50.2
2025-04-22,11:59:16,21.3,50.2
2025-04-22,11:59:46,21.3,50.2
2025-04-22,12:00:16,21.3,50.2
2025-04-22,12:00:46,21.3,50.2
2025-04-22,12:01:16,21.3,50.2
2025-04-22,12:01:46,21.3,50.2
2025-04-22,12:02:16,21.3,50.3
2025-04-22,12:02:46,21.3,50.3
2025-04-22,12:03:16,21.3,50.3
2025-04-22,12:03:46,21.3,50.3
2025-04-22,12:04:16,21.3,50.3
2025-04-22,12:04:46,21.3,50.3
2025-04-22,12:05:16,21.3,50.3
2025-04-22,12:05:49,21.3,50.3
2025-04-22,12:06:16,21.3,50.3
2025-04-22,12:06:46,21.3,50.3
2025-04-22,12:07:16,21.3,50.3
2025-04-22,12:07:46,21.3,50.4
2025-04-22,12:08:16,21.3,50.4
2025-04-22,12:08:46,21.3,50.4
2025-04-22,12:09:16,21.3,50.5
2025-04-22,12:09:46,21.3,50.5
2025-04-22,12:10:16,21.3,50.5
2025-04-22,12:10:46,21.3,50.5
2025-04-22,12:11:16,21.3,50.6
2025-04-22,12:11:46,21.3,50.6
2025-04-22,12:12:16,21.4,50.7
2025-04-22,12:12:46,21.4,50.7
2025-04-22,12:13:16,21.4,50.7
2025-04-22,12:13:46,21.3,50.7
2025-04-22,12:14:16,21.4,50.7
2025-04-22,12:14:46,21.3,50.7
2025-04-22,12:15:16,21.4,50.7
2025-04-22,12:15:46,21.3,50.7
2025-04-22,12:16:16,21.4,50.7
2025-04-22,12:16:46,21.4,50.8
2025-04-22,12:17:16,21.4,50.8
2025-04-22,12:17:46,21.4,50.8
2025-04-22,12:18:16,21.4,50.8
2025-04-22,12:18:46,21.4,50.9
2025-04-22,12:19:16,21.4,50.9
2025-04-22,12:19:46,21.4,50.9
2025-04-22,12:20:16,21.4,50.9
2025-04-22,12:20:46,21.4,51.0
2025-04-22,12:21:16,21.4,50.9
2025-04-22,12:21:46,21.4,50.9
2025-04-22,12:22:16,21.4,51.0
2025-04-22,12:22:46,21.4,51.0
2025-04-22,12:23:16,21.4,51.1
2025-04-22,12:23:46,21.4,51.1
2025-04-22,12:24:16,21.4,51.2
2025-04-22,12:24:46,21.4,51.2
2025-04-22,12:25:16,21.4,51.2
2025-04-22,12:25:46,21.4,51.2
2025-04-22,12:26:16,21.4,51.2
2025-04-22,12:26:46,21.4,51.3
2025-04-22,12:27:16,21.4,51.3
2025-04-22,12:27:46,21.4,51.3
2025-04-22,12:28:16,21.4,51.3
2025-04-22,12:28:46,21.4,51.4
2025-04-22,12:29:16,21.4,51.3
2025-04-22,12:29:46,21.4,51.3
2025-04-22,12:30:16,21.4,51.4
2025-04-22,12:30:46,21.4,51.4
2025-04-22,12:31:16,21.4,51.4
2025-04-22,12:31:49,21.4,51.4
2025-04-22,12:32:16,21.4,51.4
2025-04-22,12:32:46,21.4,51.4
2025-04-22,12:33:16,21.4,51.5
2025-04-22,12:33:46,21.4,51.5
2025-04-22,12:34:16,21.4,51.5
2025-04-22,12:34:46,21.4,51.5
2025-04-22,12:35:16,21.4,51.5
2025-04-22,12:35:46,21.5,51.6
2025-04-22,12:36:16,21.4,51.6
2025-04-22,12:36:46,21.5,51.6
2025-04-22,12:37:16,21.4,51.6
2025-04-22,12:37:46,21.4,51.6
2025-04-22,12:38:16,21.4,51.6
2025-04-22,12:38:46,21.4,51.7
2025-04-22,12:39:16,21.5,51.6
2025-04-22,12:39:46,21.5,51.6
2025-04-22,12:40:16,21.4,51.6
2025-04-22,12:40:46,21.5,51.7
2025-04-22,12:41:16,21.5,51.6
2025-04-22,12:41:46,21.5,51.7
2025-04-22,12:42:16,21.5,51.7
2025-04-22,12:42:46,21.5,51.7
2025-04-22,12:43:16,21.5,51.8
2025-04-22,12:43:49,21.5,51.8
2025-04-22,12:44:16,21.5,51.8
2025-04-22,12:44:46,21.5,51.8
2025-04-22,12:45:19,21.5,51.8
2025-04-22,12:45:46,21.5,51.7
2025-04-22,12:46:16,21.5,51.7
2025-04-22,12:46:46,21.5,51.8
2025-04-22,12:47:16,21.5,51.8
2025-04-22,12:47:46,21.5,51.9
2025-04-22,12:48:19,21.5,51.9
2025-04-22,12:48:46,21.5,51.9
2025-04-22,12:49:16,21.5,51.9
2025-04-22,12:49:46,21.5,51.9
2025-04-22,12:50:16,21.5,51.9
2025-04-22,12:50:46,21.5,51.9
2025-04-22,12:51:16,21.5,51.9
2025-04-22,12:51:46,21.5,52.0
2025-04-22,12:52:16,21.5,52.0
2025-04-22,12:52:46,21.5,52.0
2025-04-22,12:53:16,21.5,52.0
2025-04-22,12:53:46,21.5,52.0
2025-04-22,12:54:16,21.5,52.1
2025-04-22,12:54:46,21.5,52.1
2025-04-22,12:55:16,21.5,52.1
2025-04-22,12:55:46,21.5,52.2
2025-04-22,12:56:16,21.5,52.1
2025-04-22,12:56:46,21.5,52.2
2025-04-22,12:57:16,21.5,52.2
2025-04-22,12:57:46,21.5,52.2
2025-04-22,12:58:16,21.5,52.2
2025-04-22,12:58:46,21.5,52.2
2025-04-22,12:59:16,21.5,52.2
2025-04-22,12:59:46,21.5,52.2
2025-04-22,13:00:16,21.5,52.3
2025-04-22,13:00:49,21.5,52.3
2025-04-22,13:01:16,21.5,52.3
2025-04-22,13:01:49,21.5,52.3
2025-04-22,13:02:16,21.5,52.3
2025-04-22,13:02:46,21.5,52.3
2025-04-22,13:03:16,21.5,52.3
2025-04-22,13:03:46,21.5,52.4
2025-04-22,13:04:16,21.6,52.4
2025-04-22,13:04:46,21.6,52.4
2025-04-22,13:05:16,21.5,52.4
2025-04-22,13:05:46,21.6,52.4
2025-04-22,13:06:16,21.5,52.4
2025-04-22,13:06:46,21.6,52.5
2025-04-22,13:07:16,21.6,52.4
2025-04-22,13:07:46,21.6,52.5
2025-04-22,13:08:16,21.5,52.4
2025-04-22,13:08:46,21.6,52.4
2025-04-22,13:09:16,21.6,52.4
2025-04-22,13:09:46,21.6,52.4
2025-04-22,13:10:16,21.6,52.4
2025-04-22,13:10:46,21.6,52.4
2025-04-22,13:11:16,21.6,52.4
2025-04-22,13:11:46,21.6,52.4
2025-04-22,13:12:16,21.6,52.4
2025-04-22,13:12:46,21.6,52.4
2025-04-22,13:13:16,21.6,52.4
2025-04-22,13:13:49,21.6,52.4
2025-04-22,13:14:16,21.6,52.4
2025-04-22,13:14:46,21.6,52.4
2025-04-22,13:15:16,21.6,52.3
2025-04-22,13:15:46,21.6,52.3
2025-04-22,13:16:16,21.6,52.4
2025-04-22,13:16:46,21.6,52.4
2025-04-22,13:17:16,21.6,52.4
2025-04-22,13:17:46,21.6,52.3
2025-04-22,13:18:16,21.6,52.3
2025-04-22,13:18:46,21.6,52.3
2025-04-22,13:19:16,21.6,52.3
2025-04-22,13:19:46,21.6,52.3
2025-04-22,13:20:16,21.6,52.3
2025-04-22,13:20:46,21.6,52.3
2025-04-22,13:21:16,21.6,52.3
2025-04-22,13:21:46,21.6,52.3
2025-04-22,13:22:16,21.6,52.3
2025-04-22,13:22:46,21.6,52.3
2025-04-22,13:23:16,21.6,52.2
2025-04-22,13:23:46,21.6,52.2
2025-04-22,13:24:16,21.6,52.2
2025-04-22,13:24:46,21.6,52.2
2025-04-22,13:25:16,21.6,52.2
2025-04-22,13:25:46,21.6,52.2
2025-04-22,13:26:16,21.6,52.2
2025-04-22,13:26:46,21.6,52.2
2025-04-22,13:27:16,21.6,52.1
2025-04-22,13:27:46,21.6,52.1
2025-04-22,13:28:16,21.6,52.1
2025-04-22,13:28:46,21.6,52.1
2025-04-22,13:29:16,21.6,52.0
2025-04-22,13:29:46,21.6,52.0
2025-04-22,13:30:16,21.6,52.0
2025-04-22,13:30:46,21.6,52.0
2025-04-22,13:31:16,21.6,52.0
2025-04-22,13:31:46,21.6,52.0
2025-04-22,13:32:16,21.6,52.0
2025-04-22,13:32:46,21.6,52.0
2025-04-22,13:33:16,21.6,52.0
2025-04-22,13:33:46,21.6,52.0
2025-04-22,13:34:16,21.6,51.9
2025-04-22,13:34:46,21.6,52.0
2025-04-22,13:35:16,21.6,51.9
2025-04-22,13:35:46,21.6,51.9
2025-04-22,13:36:16,21.6,51.9
2025-04-22,13:36:46,21.6,51.9
2025-04-22,13:37:16,21.6,51.9
2025-04-22,13:37:49,21.6,51.9
2025-04-22,13:38:16,21.6,51.9
2025-04-22,13:38:49,21.6,51.8
2025-04-22,13:39:16,21.6,51.8
2025-04-22,13:39:46,21.6,51.8
2025-04-22,13:40:16,21.6,51.8
2025-04-22,13:40:46,21.6,51.8
2025-04-22,13:41:16,21.6,51.8
2025-04-22,13:41:46,21.6,51.8
2025-04-22,13:42:16,21.6,51.8
2025-04-22,13:42:46,21.6,51.8
2025-04-22,13:43:16,21.6,51.8
2025-04-22,13:43:46,21.6,51.8
2025-04-22,13:44:16,21.6,51.7
2025-04-22,13:44:46,21.6,51.7
2025-04-22,13:45:16,21.6,51.7
2025-04-22,13:45:46,21.6,51.7
2025-04-22,13:46:16,21.6,51.7
2025-04-22,13:46:46,21.6,51.7
2025-04-22,13:47:16,21.6,51.7
2025-04-22,13:47:46,21.6,51.7
2025-04-22,13:48:19,21.6,51.6
2025-04-22,13:48:46,21.6,51.6
2025-04-22,13:49:16,21.6,51.6
2025-04-22,13:49:46,21.6,51.6
2025-04-22,13:50:16,21.6,51.6
2025-04-22,13:50:46,21.6,51.6
2025-04-22,13:51:16,21.6,51.6
2025-04-22,13:51:46,21.6,51.6
2025-04-22,13:52:16,21.6,51.6
2025-04-22,13:52:49,21.6,51.6
2025-04-22,13:53:19,21.6,51.6
2025-04-22,13:53:46,21.6,51.6
2025-04-22,13:54:16,21.6,51.6
2025-04-22,13:54:46,21.6,51.6
2025-04-22,13:55:16,21.6,51.6
2025-04-22,13:55:49,21.6,51.5
2025-04-22,13:56:19,21.6,51.4
2025-04-22,13:56:46,21.6,51.4
2025-04-22,13:57:16,21.6,51.4
2025-04-22,13:57:46,21.6,51.5
2025-04-22,13:58:16,21.6,51.5
2025-04-22,13:58:46,21.6,51.5
2025-04-22,13:59:16,21.6,51.5
2025-04-22,13:59:46,21.6,51.4
2025-04-22,14:00:16,21.6,51.4
2025-04-22,14:00:46,21.6,51.4
2025-04-22,14:01:16,21.6,51.4
2025-04-22,14:01:46,21.6,51.4
2025-04-22,14:02:16,21.6,51.4
2025-04-22,14:02:46,21.6,51.4
2025-04-22,14:03:16,21.6,51.4
2025-04-22,14:03:46,21.6,51.4
2025-04-22,14:04:16,21.6,51.4
2025-04-22,14:04:49,21.6,51.4
2025-04-22,14:05:16,21.6,51.4
2025-04-22,14:05:46,21.5,51.3
2025-04-22,14:06:16,21.6,51.3
2025-04-22,14:06:46,21.6,51.3
2025-04-22,14:07:16,21.5,51.3
2025-04-22,14:07:46,21.6,51.3
2025-04-22,14:08:16,21.5,51.3
2025-04-22,14:08:46,21.6,51.3
2025-04-22,14:09:16,21.6,51.3
2025-04-22,14:09:46,21.5,51.3
2025-04-22,14:10:16,21.6,51.3
2025-04-22,14:10:46,21.6,51.3
2025-04-22,14:11:16,21.5,51.2
2025-04-22,14:11:46,21.5,51.3
2025-04-22,14:12:16,21.5,51.2
2025-04-22,14:12:46,21.5,51.3
2025-04-22,14:13:16,21.5,51.3
2025-04-22,14:13:46,21.5,51.3
2025-04-22,14:14:16,21.5,51.3
2025-04-22,14:14:46,21.6,51.3
2025-04-22,14:15:16,21.5,51.3
2025-04-22,14:15:46,21.5,51.2
2025-04-22,14:16:16,21.5,51.2
2025-04-22,14:16:46,21.6,51.2
2025-04-22,14:17:16,21.5,51.2
2025-04-22,14:17:46,21.5,51.2
2025-04-22,14:18:16,21.5,51.2
2025-04-22,14:18:46,21.6,51.2
2025-04-22,14:19:16,21.5,51.2
2025-04-22,14:19:46,21.5,51.2
2025-04-22,14:20:16,21.6,51.2
2025-04-22,14:20:46,21.5,51.2
2025-04-22,14:21:16,21.5,51.2
2025-04-22,14:21:46,21.5,51.2
2025-04-22,14:22:16,21.5,51.2
2025-04-22,14:22:46,21.5,51.2
2025-04-22,14:23:16,21.5,51.2
2025-04-22,14:23:46,21.5,51.1
2025-04-22,14:24:16,21.5,51.2
2025-04-22,14:24:46,21.5,51.1
2025-04-22,14:25:16,21.5,51.2
2025-04-22,14:25:46,21.5,51.2
2025-04-22,14:26:16,21.5,51.1
2025-04-22,14:26:46,21.5,51.1
2025-04-22,14:27:16,21.5,51.2
2025-04-22,14:27:46,21.5,51.1
2025-04-22,14:28:16,21.5,51.1
2025-04-22,14:28:46,21.5,51.1
2025-04-22,14:29:16,21.5,51.1
2025-04-22,14:29:46,21.5,51.1
2025-04-22,14:30:16,21.5,51.1
2025-04-22,14:30:46,21.5,51.1
2025-04-22,14:31:16,21.5,51.1
2025-04-22,14:31:49,21.5,51.1
2025-04-22,14:32:16,21.5,51.1
2025-04-22,14:32:46,21.5,51.1
2025-04-22,14:33:16,21.5,51.1
2025-04-22,14:33:46,21.5,51.1
2025-04-22,14:34:16,21.5,51.1
2025-04-22,14:34:46,21.5,51.1
2025-04-22,14:35:16,21.5,51.0
2025-04-22,14:35:46,21.5,51.0
2025-04-22,14:36:16,21.5,51.0
2025-04-22,14:36:46,21.5,51.0
2025-04-22,14:37:16,21.5,51.0
2025-04-22,14:37:46,21.5,51.1
2025-04-22,14:38:19,21.5,51.0
2025-04-22,14:38:46,21.5,51.0
2025-04-22,14:39:16,21.5,51.0
2025-04-22,14:39:46,21.5,51.0
2025-04-22,14:40:16,21.5,51.0
2025-04-22,14:40:46,21.5,51.0
2025-04-22,14:41:16,21.5,51.0
2025-04-22,14:41:46,21.5,51.0
2025-04-22,14:42:16,21.5,51.0
2025-04-22,14:42:46,21.5,51.0
2025-04-22,14:43:16,21.5,51.0
2025-04-22,14:43:46,21.5,51.0
2025-04-22,14:44:16,21.5,51.0
2025-04-22,14:44:46,21.5,51.0
2025-04-22,14:45:16,21.5,51.0
2025-04-22,14:45:46,21.5,51.0
2025-04-22,14:46:16,21.5,51.0
2025-04-22,14:46:46,21.5,51.0
2025-04-22,14:47:16,21.5,51.0
2025-04-22,14:47:46,21.5,50.9
2025-04-22,14:48:16,21.5,50.9
2025-04-22,14:48:46,21.5,50.9
2025-04-22,14:49:16,21.5,50.9
2025-04-22,14:49:46,21.5,50.9
2025-04-22,14:50:16,21.5,50.9
2025-04-22,14:50:46,21.5,51.0
2025-04-22,14:51:16,21.5,51.0
2025-04-22,14:51:46,21.5,51.0
2025-04-22,14:52:16,21.5,50.9
2025-04-22,14:52:46,21.5,50.9
2025-04-22,14:53:16,21.5,50.9
2025-04-22,14:53:46,21.5,50.9
2025-04-22,14:54:16,21.5,50.9
2025-04-22,14:54:46,21.5,50.9
2025-04-22,14:55:16,21.5,50.9
2025-04-22,14:55:49,21.5,50.9
2025-04-22,14:56:16,21.5,50.9
2025-04-22,14:56:46,21.5,50.9
2025-04-22,14:57:16,21.5,50.9
2025-04-22,14:57:46,21.5,50.9
2025-04-22,14:58:16,21.5,50.9
2025-04-22,14:58:46,21.5,50.9
2025-04-22,14:59:16,21.5,50.9
2025-04-22,14:59:46,21.5,50.9
2025-04-22,15:00:16,21.5,50.9
2025-04-22,15:00:46,21.5,50.9
2025-04-22,15:01:19,21.5,50.9
2025-04-22,15:01:49,21.5,50.9
2025-04-22,15:02:16,21.5,50.9
2025-04-22,15:02:46,21.5,50.9
2025-04-22,15:03:16,21.5,50.9
2025-04-22,15:03:46,21.5,50.9
2025-04-22,15:04:16,21.5,50.9
2025-04-22,15:04:46,21.5,50.9
2025-04-22,15:05:16,21.5,50.9
2025-04-22,15:05:46,21.5,50.9
2025-04-22,15:06:16,21.5,50.9
2025-04-22,15:06:46,21.5,50.9
2025-04-22,15:07:16,21.5,50.9
2025-04-22,15:07:46,21.5,50.9
2025-04-22,15:08:16,21.5,50.9
2025-04-22,15:08:46,21.5,50.9
2025-04-22,15:09:16,21.5,51.0
2025-04-22,15:09:49,21.5,51.0
2025-04-22,15:10:16,21.5,51.0
2025-04-22,15:10:46,21.5,51.0
2025-04-22,15:11:16,21.5,51.0
2025-04-22,15:11:46,21.5,51.0
2025-04-22,15:12:16,21.5,51.0
2025-04-22,15:12:46,21.5,51.1
2025-04-22,15:13:16,21.5,51.0
2025-04-22,15:13:46,21.5,51.0
2025-04-22,15:14:16,21.5,51.1
2025-04-22,15:14:46,21.5,51.1
2025-04-22,15:15:16,21.5,51.1
2025-04-22,15:15:46,21.5,51.1
2025-04-22,15:16:16,21.5,51.1
2025-04-22,15:16:46,21.5,51.2
2025-04-22,15:17:16,21.5,51.2
2025-04-22,15:17:46,21.5,51.2
2025-04-22,15:18:16,21.5,51.2
2025-04-22,15:18:46,21.5,51.2
2025-04-22,15:19:16,21.5,51.2
2025-04-22,15:19:46,21.5,51.2
2025-04-22,15:20:16,21.5,51.3
2025-04-22,15:20:46,21.5,51.3
2025-04-22,15:21:16,21.5,51.3
2025-04-22,15:21:46,21.5,51.3
2025-04-22,15:22:16,21.5,51.3
2025-04-22,15:22:46,21.5,51.3
2025-04-22,15:23:16,21.5,51.3
2025-04-22,15:23:46,21.5,51.4
2025-04-22,15:24:16,21.5,51.4
2025-04-22,15:24:46,21.5,51.5
2025-04-22,15:25:16,21.5,51.4
2025-04-22,15:25:46,21.5,51.4
2025-04-22,15:26:16,21.5,51.5
2025-04-22,15:26:46,21.5,51.5
2025-04-22,15:27:16,21.5,51.5
2025-04-22,15:27:46,21.5,51.4
2025-04-22,15:28:16,21.5,51.5
2025-04-22,15:28:46,21.5,51.5
2025-04-22,15:29:16,21.5,51.5
2025-04-22,15:29:46,21.5,51.5
2025-04-22,15:30:16,21.5,51.6
2025-04-22,15:30:46,21.5,51.6
2025-04-22,15:31:16,21.5,51.7
2025-04-22,15:31:46,21.5,51.6
2025-04-22,15:32:16,21.5,51.7
2025-04-22,15:32:46,21.5,51.7
2025-04-22,15:33:16,21.5,51.7
2025-04-22,15:33:46,21.5,51.7
2025-04-22,15:34:16,21.5,51.7
2025-04-22,15:34:46,21.5,51.8
2025-04-22,15:35:16,21.5,51.7
2025-04-22,15:35:46,21.5,51.8
2025-04-22,15:36:16,21.5,51.8
2025-04-22,15:36:46,21.5,51.8
2025-04-22,15:37:16,21.5,51.9
2025-04-22,15:37:46,21.5,51.8
2025-04-22,15:38:19,21.5,51.9
2025-04-22,15:38:46,21.6,51.8
2025-04-22,15:39:16,21.5,51.9
2025-04-22,15:39:46,21.5,51.9
2025-04-22,15:40:16,21.5,51.9
2025-04-22,15:40:46,21.5,51.9
2025-04-22,15:41:16,21.5,52.0
2025-04-22,15:41:46,21.5,52.0
2025-04-22,15:42:16,21.5,52.0
2025-04-22,15:42:46,21.6,52.0
2025-04-22,15:43:16,21.6,52.0
2025-04-22,15:43:46,21.6,52.0
2025-04-22,15:44:16,21.5,52.0
2025-04-22,15:44:49,21.6,52.1
2025-04-22,15:45:16,21.5,52.0
2025-04-22,15:45:46,21.5,52.0
2025-04-22,15:46:19,21.6,52.1
2025-04-22,15:46:46,21.6,52.1
2025-04-22,15:47:16,21.6,52.1
2025-04-22,15:47:46,21.6,52.1
2025-04-22,15:48:16,21.6,52.1
2025-04-22,15:48:49,21.6,52.1
2025-04-22,15:49:16,21.6,52.1
2025-04-22,15:49:46,21.6,52.2
2025-04-22,15:50:16,21.6,52.2
2025-04-22,15:50:46,21.6,52.3
2025-04-22,15:51:16,21.6,52.3
2025-04-22,15:51:46,21.6,52.3
2025-04-22,15:52:16,21.6,52.3
2025-04-22,15:52:46,21.6,52.3
2025-04-22,15:53:16,21.6,52.3
2025-04-22,15:53:46,21.6,52.3
2025-04-22,15:54:16,21.6,52.4
2025-04-22,15:54:46,21.6,52.3
2025-04-22,15:55:16,21.6,52.4
2025-04-22,15:55:46,21.6,52.4
2025-04-22,15:56:16,21.6,52.3
2025-04-22,15:56:46,21.6,52.4
2025-04-22,15:57:16,21.6,52.4
2025-04-22,15:57:46,21.6,52.4
2025-04-22,15:58:19,21.6,52.4
2025-04-22,15:58:46,21.6,52.4
2025-04-22,15:59:16,21.6,52.4
2025-04-22,15:59:46,21.6,52.4
2025-04-22,16:00:16,21.6,52.5
2025-04-22,16:00:46,21.6,52.4
2025-04-22,16:01:16,21.6,52.5
2025-04-22,16:01:49,22.0,55.8
2025-04-22,16:02:16,22.0,54.6
2025-04-22,16:02:49,22.8,51.3
2025-04-22,16:03:16,22.8,51.3
2025-04-22,16:03:46,22.7,51.0
2025-04-22,16:04:16,22.6,51.0
2025-04-22,16:04:46,22.5,51.1
2025-04-22,16:05:16,22.4,51.3
2025-04-22,16:05:46,22.3,51.5
2025-04-22,16:06:16,22.2,51.6
2025-04-22,16:06:46,22.1,51.7
2025-04-22,16:07:16,22.1,51.8
2025-04-22,16:07:46,22.0,51.9
2025-04-22,16:08:16,22.0,52.0
2025-04-22,16:08:46,21.9,52.2
2025-04-22,16:09:16,21.9,52.2
2025-04-22,16:09:46,21.9,52.3
2025-04-22,16:10:16,21.8,52.3
2025-04-22,16:10:46,21.8,52.4
2025-04-22,16:11:16,21.8,52.4
2025-04-22,16:11:46,21.8,52.5
2025-04-22,16:12:16,21.7,52.5
2025-04-22,16:12:49,21.7,52.5
2025-04-22,16:13:16,21.7,52.6
2025-04-22,16:13:46,21.7,52.6
2025-04-22,16:14:16,21.7,52.6
2025-04-22,16:14:46,21.7,52.6
2025-04-22,16:15:16,21.7,52.6
2025-04-22,16:15:46,21.7,52.7
2025-04-22,16:16:16,21.7,52.6
2025-04-22,16:16:46,21.7,52.6
2025-04-22,16:17:16,21.7,52.7
2025-04-22,16:17:46,21.7,52.7
2025-04-22,16:18:16,21.7,52.7
2025-04-22,16:18:46,21.7,52.7
2025-04-22,16:19:16,21.7,52.6
2025-04-22,16:19:46,21.7,52.7
2025-04-22,16:20:16,21.7,52.7
2025-04-22,16:20:46,21.7,52.7
2025-04-22,16:21:16,21.7,52.7
2025-04-22,16:21:49,21.7,52.7
2025-04-22,16:22:16,21.7,52.7
2025-04-22,16:22:46,21.7,52.7
2025-04-22,16:23:16,21.7,52.7
2025-04-22,16:23:46,21.7,52.7
2025-04-22,16:24:16,21.7,52.7
2025-04-22,16:24:46,21.7,52.7
2025-04-22,16:25:16,21.7,52.7
2025-04-22,16:25:46,21.7,52.7
2025-04-22,16:26:16,21.7,52.7
2025-04-22,16:26:46,21.7,52.7
2025-04-22,16:27:19,21.7,52.7
2025-04-22,16:27:46,21.7,52.7
2025-04-22,16:28:16,21.7,52.7
2025-04-22,16:28:46,21.7,52.7
2025-04-22,16:29:19,21.7,52.7
2025-04-22,16:29:49,21.7,52.7
2025-04-22,16:30:16,21.7,52.7
2025-04-22,16:30:46,21.7,52.7
2025-04-22,16:31:16,21.7,52.7
2025-04-22,16:31:46,21.7,52.7
2025-04-22,16:32:16,21.7,52.7
2025-04-22,16:32:49,21.7,52.7
2025-04-22,16:33:16,21.7,52.7
2025-04-22,16:33:46,21.7,52.7
2025-04-22,16:34:16,21.7,52.7
2025-04-22,16:34:46,21.7,52.7
2025-04-22,16:35:16,21.7,52.7
2025-04-22,16:35:49,21.7,52.6
2025-04-22,16:36:16,21.7,52.7
2025-04-22,16:36:46,21.7,52.7
2025-04-22,16:37:16,21.7,52.7
2025-04-22,16:37:49,21.7,52.7
2025-04-22,16:38:19,21.7,52.7
2025-04-22,16:38:46,21.7,52.7
2025-04-22,16:39:16,21.7,52.7
2025-04-22,16:39:46,21.7,52.7
2025-04-22,16:40:16,21.7,52.7
2025-04-22,16:40:46,21.7,52.6
2025-04-22,16:41:16,21.7,52.7
2025-04-22,16:41:46,21.7,52.7
2025-04-22,16:42:16,21.7,52.7
2025-04-22,16:42:46,21.7,52.7
2025-04-22,16:43:16,21.7,52.7
2025-04-22,16:43:46,21.7,52.7
2025-04-22,16:44:16,21.7,52.7
2025-04-22,16:44:46,21.7,52.7
2025-04-22,16:45:16,21.7,52.6
2025-04-22,16:45:46,21.7,52.7
2025-04-22,16:46:16,21.7,52.7
2025-04-22,16:46:46,21.7,52.7
2025-04-22,16:47:16,21.7,52.7
2025-04-22,16:47:46,21.7,52.6
2025-04-22,16:48:16,21.7,52.7
2025-04-22,16:48:46,21.7,52.7
2025-04-22,16:49:16,21.7,52.6
2025-04-22,16:49:46,21.8,52.7
2025-04-22,16:50:16,21.8,52.7
2025-04-22,16:50:46,21.8,52.6
2025-04-22,16:51:16,21.8,52.6
2025-04-22,16:51:46,21.8,52.6
2025-04-22,16:52:16,21.7,52.7
2025-04-22,16:52:46,21.8,52.6
2025-04-22,16:53:16,21.8,52.7
2025-04-22,16:53:46,21.8,52.6
2025-04-22,16:54:16,21.7,52.6
2025-04-22,16:54:46,21.8,52.6
2025-04-22,16:55:16,21.7,52.6
2025-04-22,16:55:46,21.8,52.6
2025-04-22,16:56:16,21.8,52.6
2025-04-22,16:56:46,21.8,52.6
2025-04-22,16:57:16,21.8,52.6
2025-04-22,16:57:46,21.8,52.6
2025-04-22,16:58:16,21.8,52.6
2025-04-22,16:58:46,21.8,52.6
2025-04-22,16:59:16,21.7,52.6
2025-04-22,16:59:46,21.7,52.6
2025-04-22,17:00:16,21.8,52.6
2025-04-22,17:00:46,21.7,52.6
2025-04-22,17:01:16,21.8,52.6
2025-04-22,17:01:46,21.8,52.6
2025-04-22,17:02:16,21.8,52.6
2025-04-22,17:02:46,21.8,52.6
2025-04-22,17:03:16,21.7,52.6
2025-04-22,17:03:46,21.7,52.6
2025-04-22,17:04:16,21.8,52.6
2025-04-22,17:04:46,21.8,52.6
2025-04-22,17:05:16,21.8,52.6
2025-04-22,17:05:46,21.7,52.6
2025-04-22,17:06:16,21.8,52.6
2025-04-22,17:06:46,21.7,52.6
2025-04-22,17:07:16,21.8,52.6
2025-04-22,17:07:46,21.8,52.6
2025-04-22,17:08:16,21.8,52.6
2025-04-22,17:08:46,21.7,52.6
2025-04-22,17:09:16,21.7,52.6
2025-04-22,17:09:46,21.7,52.6
2025-04-22,17:10:16,21.7,52.6
2025-04-22,17:10:46,21.7,52.6
2025-04-22,17:11:16,21.8,52.6
2025-04-22,17:11:46,21.8,52.6
2025-04-22,17:12:16,21.7,52.6
2025-04-22,17:12:46,21.8,52.6
2025-04-22,17:13:16,21.7,52.6
2025-04-22,17:13:46,21.7,52.6
2025-04-22,17:14:16,21.8,52.6
2025-04-22,17:14:46,21.7,52.6
2025-04-22,17:15:16,21.7,52.6
2025-04-22,17:15:46,21.8,52.6
2025-04-22,17:16:16,21.7,52.6
2025-04-22,17:16:46,21.7,52.6
2025-04-22,17:17:16,21.7,52.6
2025-04-22,17:17:46,21.7,52.6
2025-04-22,17:18:16,21.7,52.6
2025-04-22,17:18:46,21.7,52.6
2025-04-22,17:19:16,21.7,52.6
2025-04-22,17:19:46,21.7,52.6
2025-04-22,17:20:16,21.7,52.6
2025-04-22,17:20:46,21.7,52.6
2025-04-22,17:21:16,21.7,52.5
2025-04-22,17:21:46,21.8,52.5
2025-04-22,17:22:16,21.7,52.6
2025-04-22,17:22:46,21.7,52.6
2025-04-22,17:23:16,21.7,52.6
2025-04-22,17:23:49,21.7,52.5
2025-04-22,17:24:16,21.7,52.6
2025-04-22,17:24:46,21.7,52.5
2025-04-22,17:25:16,21.7,52.6
2025-04-22,17:25:46,21.7,52.6
2025-04-22,17:26:16,21.7,52.6
2025-04-22,17:26:46,21.7,52.5
2025-04-22,17:27:19,21.7,52.5
2025-04-22,17:27:46,21.7,52.5
2025-04-22,17:28:16,21.7,52.5
2025-04-22,17:28:46,21.7,52.5
2025-04-22,17:29:16,21.7,52.5
2025-04-22,17:29:46,21.7,52.5
2025-04-22,17:30:16,21.7,52.5
2025-04-22,17:30:46,21.7,52.5
2025-04-22,17:31:16,21.7,52.5
2025-04-22,17:31:46,21.7,52.5
2025-04-22,17:32:16,21.7,52.5
2025-04-22,17:32:46,21.7,52.5
2025-04-22,17:33:16,21.7,52.5
2025-04-22,17:33:49,21.7,52.5
2025-04-22,17:34:16,21.7,52.5
2025-04-22,17:34:46,21.7,52.5
2025-04-22,17:35:16,21.7,52.5
2025-04-22,17:35:46,21.7,52.5
2025-04-22,17:36:16,21.7,52.5
2025-04-22,17:36:46,21.7,52.5
2025-04-22,17:37:16,21.7,52.5
2025-04-22,17:37:46,21.7,52.5
2025-04-22,17:38:16,21.7,52.5
2025-04-22,17:38:46,21.7,52.5
2025-04-22,17:39:16,21.7,52.5
2025-04-22,17:39:46,21.7,52.5
2025-04-22,17:40:16,21.7,52.5
2025-04-22,17:40:46,21.7,52.5
2025-04-22,17:41:16,21.7,52.5
2025-04-22,17:41:46,21.7,52.5
2025-04-22,17:42:19,21.7,52.5
2025-04-22,17:42:46,21.7,52.5
2025-04-22,17:43:16,21.7,52.5
2025-04-22,17:43:46,21.7,52.4
2025-04-22,17:44:16,21.7,52.5
2025-04-22,17:44:46,21.7,52.5
2025-04-22,17:45:16,21.7,52.5
2025-04-22,17:45:46,21.7,52.4
2025-04-22,17:46:16,21.7,52.5
2025-04-22,17:46:46,21.7,52.5
2025-04-22,17:47:16,21.7,52.4
2025-04-22,17:47:46,21.7,52.4
2025-04-22,17:48:16,21.7,52.4
2025-04-22,17:48:46,21.7,52.5
2025-04-22,17:49:16,21.7,52.4
2025-04-22,17:49:46,21.7,52.4
2025-04-22,17:50:16,21.7,52.4
2025-04-22,17:50:46,21.7,52.4
2025-04-22,17:51:16,21.7,52.4
2025-04-22,17:51:46,21.7,52.4
2025-04-22,17:52:16,21.7,52.4
2025-04-22,17:52:46,21.7,52.4
2025-04-22,17:53:19,21.7,52.4
2025-04-22,17:53:46,21.7,52.4
2025-04-22,17:54:16,21.7,52.4
2025-04-22,17:54:46,21.7,52.4
2025-04-22,17:55:16,21.7,52.4
2025-04-22,17:55:46,21.7,52.4
2025-04-22,17:56:16,21.7,52.4
2025-04-22,17:56:49,21.7,52.4
2025-04-22,17:57:16,21.7,52.4
2025-04-22,17:57:46,21.7,52.4
2025-04-22,17:58:16,21.7,52.4
2025-04-22,17:58:46,21.7,52.4
2025-04-22,17:59:16,21.7,52.4
2025-04-22,17:59:46,21.7,52.3
2025-04-22,18:00:16,21.6,52.4
2025-04-22,18:00:46,21.7,52.4
2025-04-22,18:01:16,21.7,52.4
2025-04-22,18:01:46,21.7,52.4
2025-04-22,18:02:16,21.7,52.3
2025-04-22,18:02:46,21.7,52.4
2025-04-22,18:03:16,21.7,52.4
2025-04-22,18:03:46,21.6,52.4
2025-04-22,18:04:16,21.6,52.4
2025-04-22,18:04:46,21.7,52.4
2025-04-22,18:05:16,21.6,52.4
2025-04-22,18:05:46,21.6,52.4
2025-04-22,18:06:16,21.6,52.3
2025-04-22,18:06:46,21.7,52.3
2025-04-22,18:07:16,21.7,52.3
2025-04-22,18:07:46,21.7,52.3
2025-04-22,18:08:16,21.6,52.3
2025-04-22,18:08:46,21.6,52.3
2025-04-22,18:09:16,21.6,52.3
2025-04-22,18:09:46,21.6,52.3
2025-04-22,18:10:16,21.6,52.3
2025-04-22,18:10:46,21.6,52.3
2025-04-22,18:11:16,21.6,52.3
2025-04-22,18:11:46,21.6,52.3
2025-04-22,18:12:16,21.6,52.3
2025-04-22,18:12:46,21.6,52.3
2025-04-22,18:13:16,21.6,52.3
2025-04-22,18:13:46,21.6,52.3
2025-04-22,18:14:16,21.6,52.3
2025-04-22,18:14:46,21.6,52.3
2025-04-22,18:15:16,21.6,52.3
2025-04-22,18:15:46,21.6,52.4
2025-04-22,18:16:16,21.6,52.3
2025-04-22,18:16:46,21.6,52.3
2025-04-22,18:17:16,21.6,52.3
2025-04-22,18:17:46,21.6,52.3
2025-04-22,18:18:16,21.6,52.3
2025-04-22,18:18:46,21.6,52.3
2025-04-22,18:19:16,21.6,52.3
2025-04-22,18:19:46,21.6,52.3
2025-04-22,18:20:16,21.6,52.3
2025-04-22,18:20:46,21.6,52.3
2025-04-22,18:21:16,21.6,52.3
2025-04-22,18:21:46,21.6,52.3
2025-04-22,18:22:16,21.6,52.3
2025-04-22,18:22:46,21.6,52.3
2025-04-22,18:23:16,21.6,52.3
2025-04-22,18:23:46,21.6,52.3
2025-04-22,18:24:16,21.6,52.3
2025-04-22,18:24:46,21.6,52.3
2025-04-22,18:25:16,21.6,52.3
2025-04-22,18:25:46,21.6,52.3
2025-04-22,18:26:16,21.6,52.2
2025-04-22,18:26:46,21.6,52.2
2025-04-22,18:27:16,21.6,52.2
2025-04-22,18:27:46,21.6,52.3
2025-04-22,18:28:16,21.6,52.3
2025-04-22,18:28:46,21.6,52.2
2025-04-22,18:29:16,21.6,52.3
2025-04-22,18:29:46,21.6,52.3
2025-04-22,18:30:16,21.6,52.2
2025-04-22,18:30:46,21.6,52.3
2025-04-22,18:31:16,21.6,52.2
2025-04-22,18:31:46,21.6,52.2
2025-04-22,18:32:16,21.6,52.3
2025-04-22,18:32:46,21.6,52.2
2025-04-22,18:33:16,21.6,52.2
2025-04-22,18:33:46,21.6,52.2
2025-04-22,18:34:16,21.6,52.2
2025-04-22,18:34:46,21.6,52.2
2025-04-22,18:35:16,21.6,52.2
2025-04-22,18:35:46,21.6,52.2
2025-04-22,18:36:16,21.6,52.2
2025-04-22,18:36:46,21.6,52.2
2025-04-22,18:37:16,21.6,52.2
2025-04-22,18:37:49,21.6,52.2
2025-04-22,18:38:16,21.6,52.2
2025-04-22,18:38:46,21.6,52.1
2025-04-22,18:39:16,21.6,52.1
2025-04-22,18:39:49,21.6,52.2
2025-04-22,18:40:16,21.6,52.2
2025-04-22,18:40:46,21.6,52.2
2025-04-22,18:41:16,21.6,52.2
2025-04-22,18:41:49,21.6,52.2
2025-04-22,18:42:16,21.6,52.2
2025-04-22,18:42:46,21.6,52.2
2025-04-22,18:43:16,21.6,52.2
2025-04-22,18:43:46,21.6,52.2
2025-04-22,18:44:16,21.6,52.1
2025-04-22,18:44:46,21.6,52.2
2025-04-22,18:45:16,21.6,52.2
2025-04-22,18:45:46,21.6,52.2
2025-04-22,18:46:16,21.6,52.1
2025-04-22,18:46:46,21.6,52.1
2025-04-22,18:47:16,21.6,52.1
2025-04-22,18:47:46,21.6,52.2
2025-04-22,18:48:19,21.6,52.2
2025-04-22,18:48:46,21.6,52.1
2025-04-22,18:49:16,21.6,52.1
2025-04-22,18:49:46,21.6,52.1
2025-04-22,18:50:16,21.6,52.1
2025-04-22,18:50:49,21.6,52.1
2025-04-22,18:51:16,21.6,52.1
2025-04-22,18:51:46,21.6,52.1
2025-04-22,18:52:16,21.6,52.1
2025-04-22,18:52:46,21.6,52.1
2025-04-22,18:53:16,21.6,52.1
2025-04-22,18:53:46,21.6,52.1
2025-04-22,18:54:16,21.6,52.1
2025-04-22,18:54:46,21.6,52.1
2025-04-22,18:55:16,21.6,52.1
2025-04-22,18:55:46,21.6,52.1
2025-04-22,18:56:16,21.6,52.1
2025-04-22,18:56:46,21.6,52.0
2025-04-22,18:57:16,21.6,52.0
2025-04-22,18:57:46,21.6,52.1
2025-04-22,18:58:16,21.6,52.1
2025-04-22,18:58:46,21.6,52.1
2025-04-22,18:59:16,21.6,52.1
2025-04-22,18:59:46,21.6,52.1
2025-04-22,19:00:16,21.6,52.0
2025-04-22,19:00:46,21.6,52.0
2025-04-22,19:01:16,21.6,52.1
2025-04-22,19:01:46,21.6,52.0
2025-04-22,19:02:16,21.6,52.0
2025-04-22,19:02:46,21.6,52.0
2025-04-22,19:03:16,21.6,52.0
2025-04-22,19:03:46,21.6,52.0
2025-04-22,19:04:16,21.6,52.0
2025-04-22,19:04:46,21.6,52.0
2025-04-22,19:05:19,21.6,52.0
2025-04-22,19:05:46,21.6,52.0
2025-04-22,19:06:16,21.6,52.0
2025-04-22,19:06:46,21.6,52.0
2025-04-22,19:07:16,21.6,52.0
2025-04-22,19:07:46,21.6,52.0
2025-04-22,19:08:16,21.6,52.0
2025-04-22,19:08:46,21.6,52.0
2025-04-22,19:09:16,21.6,52.0
2025-04-22,19:09:46,21.6,52.0
2025-04-22,19:10:16,21.6,52.0
2025-04-22,19:10:46,21.5,52.0
2025-04-22,19:11:16,21.6,52.0
2025-04-22,19:11:46,21.5,52.0
2025-04-22,19:12:16,21.6,52.0
2025-04-22,19:12:46,21.6,52.0
2025-04-22,19:13:16,21.5,52.0
2025-04-22,19:13:46,21.5,52.0
2025-04-22,19:14:16,21.6,52.0
2025-04-22,19:14:46,21.5,52.0
2025-04-22,19:15:16,21.5,52.0
2025-04-22,19:15:46,21.6,52.0
2025-04-22,19:16:16,21.5,52.0
2025-04-22,19:16:46,21.5,52.0
2025-04-22,19:17:16,21.5,52.0
2025-04-22,19:17:46,21.5,52.0
2025-04-22,19:18:16,21.5,52.0
2025-04-22,19:18:46,21.5,52.0
2025-04-22,19:19:16,21.5,51.9
2025-04-22,19:19:46,21.5,52.0
2025-04-22,19:20:16,21.5,52.0
2025-04-22,19:20:46,21.5,52.0
2025-04-22,19:21:16,21.5,52.0
2025-04-22,19:21:46,21.5,51.9
2025-04-22,19:22:16,21.5,52.0
2025-04-22,19:22:46,21.5,51.9
2025-04-22,19:23:16,21.5,51.9
2025-04-22,19:23:46,21.5,51.9
2025-04-22,19:24:16,21.5,52.0
2025-04-22,19:24:46,21.5,51.9
2025-04-22,19:25:16,21.5,51.9
2025-04-22,19:25:46,21.5,51.9
2025-04-22,19:26:16,21.5,51.9
2025-04-22,19:26:46,21.5,51.9
2025-04-22,19:27:16,21.5,51.9
2025-04-22,19:27:46,21.5,51.9
2025-04-22,19:28:16,21.5,51.9
2025-04-22,19:28:46,21.5,51.9
2025-04-22,19:29:16,21.5,51.9
2025-04-22,19:29:49,21.5,51.9
2025-04-22,19:30:16,21.5,51.9
2025-04-22,19:30:46,21.5,51.9
2025-04-22,19:31:16,21.5,51.9
2025-04-22,19:31:46,21.5,51.9
2025-04-22,19:32:16,21.5,51.9
2025-04-22,19:32:46,21.5,51.9
2025-04-22,19:33:16,21.5,51.9
2025-04-22,19:33:46,21.5,51.9
2025-04-22,19:34:16,21.5,51.9
2025-04-22,19:34:46,21.5,51.9
2025-04-22,19:35:16,21.5,51.9
2025-04-22,19:35:46,21.5,51.9
2025-04-22,19:36:16,21.5,51.9
2025-04-22,19:36:46,21.5,51.8
2025-04-22,19:37:16,21.5,51.8
2025-04-22,19:37:46,21.5,51.8
2025-04-22,19:38:16,21.5,51.8
2025-04-22,19:38:46,21.5,51.8
2025-04-22,19:39:16,21.5,51.9
2025-04-22,19:39:46,21.5,51.8
2025-04-22,19:40:16,21.5,51.8
2025-04-22,19:40:49,21.5,51.8
2025-04-22,19:41:16,21.5,51.8
2025-04-22,19:41:46,21.5,51.8
2025-04-22,19:42:16,21.5,51.8
2025-04-22,19:42:46,21.5,51.8
2025-04-22,19:43:19,21.5,51.8
2025-04-22,19:43:46,21.5,51.8
2025-04-22,19:44:16,21.5,51.8
2025-04-22,19:44:46,21.5,51.8
2025-04-22,19:45:16,21.5,51.8
2025-04-22,19:45:46,21.5,51.8
2025-04-22,19:46:16,21.5,51.9
2025-04-22,19:46:49,21.5,51.8
2025-04-22,19:47:16,21.5,51.7
2025-04-22,19:47:46,21.5,51.8
2025-04-22,19:48:16,21.5,51.8
2025-04-22,19:48:46,21.5,51.8
2025-04-22,19:49:16,21.5,51.8
2025-04-22,19:49:49,21.5,51.8
2025-04-22,19:50:16,21.5,51.7
2025-04-22,19:50:46,21.5,51.7
2025-04-22,19:51:16,21.5,51.7
2025-04-22,19:51:46,21.5,51.7
2025-04-22,19:52:16,21.5,51.7
2025-04-22,19:52:46,21.5,51.7
2025-04-22,19:53:16,21.5,51.7
2025-04-22,19:53:46,21.5,51.7
2025-04-22,19:54:19,21.5,51.7
2025-04-22,19:54:46,21.5,51.7
2025-04-22,19:55:16,21.5,51.7
2025-04-22,19:55:46,21.5,51.7
2025-04-22,19:56:16,21.5,51.7
2025-04-22,19:56:46,21.5,51.7
2025-04-22,19:57:16,21.5,51.7
2025-04-22,19:57:46,21.5,51.7
2025-04-22,19:58:16,21.5,51.7
2025-04-22,19:58:46,21.5,51.7
2025-04-22,19:59:16,21.5,51.7
2025-04-22,19:59:46,21.5,51.7
2025-04-22,20:00:16,21.5,51.7
2025-04-22,20:00:46,21.5,51.7
2025-04-22,20:01:16,21.5,51.7
2025-04-22,20:01:46,21.5,51.7
2025-04-22,20:02:16,21.5,51.7
2025-04-22,20:02:46,21.5,51.7
2025-04-22,20:03:16,21.5,51.7
2025-04-22,20:03:46,21.5,51.7
2025-04-22,20:04:16,21.5,51.7
2025-04-22,20:04:46,21.5,51.7
2025-04-22,20:05:16,21.5,51.7
2025-04-22,20:05:46,21.5,51.7
2025-04-22,20:06:16,21.5,51.7
2025-04-22,20:06:46,21.5,51.7
2025-04-22,20:07:16,21.5,51.6
2025-04-22,20:07:46,21.5,51.7
2025-04-22,20:08:16,21.5,51.6
2025-04-22,20:08:46,21.5,51.7
2025-04-22,20:09:16,21.5,51.6
2025-04-22,20:09:46,21.5,51.6
2025-04-22,20:10:16,21.5,51.7
2025-04-22,20:10:46,21.5,51.7
2025-04-22,20:11:16,21.5,51.6
2025-04-22,20:11:46,21.5,51.7
2025-04-22,20:12:16,21.5,51.6
2025-04-22,20:12:46,21.5,51.6
2025-04-22,20:13:16,21.5,51.6
2025-04-22,20:13:46,21.5,51.6
2025-04-22,20:14:16,21.5,51.6
2025-04-22,20:14:46,21.5,51.6
2025-04-22,20:15:16,21.5,51.6
2025-04-22,20:15:46,21.5,51.6
2025-04-22,20:16:16,21.5,51.6
2025-04-22,20:16:46,21.5,51.6
2025-04-22,20:17:16,21.5,51.6
2025-04-22,20:17:46,21.5,51.6
2025-04-22,20:18:16,21.5,51.6
2025-04-22,20:18:46,21.5,51.6
2025-04-22,20:19:16,21.5,51.6
2025-04-22,20:19:46,21.5,51.6
2025-04-22,20:20:19,21.5,51.6
2025-04-22,20:20:46,21.5,51.6
2025-04-22,20:21:16,21.5,51.6
2025-04-22,20:21:46,21.5,51.6
2025-04-22,20:22:16,21.5,51.6
2025-04-22,20:22:46,21.5,51.6
2025-04-22,20:23:16,21.5,51.6
2025-04-22,20:23:46,21.5,51.6
2025-04-22,20:24:16,21.5,51.6
2025-04-22,20:24:46,21.5,51.6
2025-04-22,20:25:16,21.5,51.6
2025-04-22,20:25:46,21.5,51.6
2025-04-22,20:26:16,21.5,51.6
2025-04-22,20:26:46,21.5,51.6
2025-04-22,20:27:16,21.4,51.6
2025-04-22,20:27:46,21.5,51.5
2025-04-22,20:28:16,21.5,51.6
2025-04-22,20:28:46,21.5,51.6
2025-04-22,20:29:16,21.5,51.6
2025-04-22,20:29:46,21.4,51.5
2025-04-22,20:30:16,21.4,51.5
2025-04-22,20:30:46,21.4,51.5
2025-04-22,20:31:19,21.4,51.5
2025-04-22,20:31:46,21.5,51.5
2025-04-22,20:32:16,21.5,51.5
2025-04-22,20:32:46,21.5,51.5
2025-04-22,20:33:16,21.4,51.5
2025-04-22,20:33:46,21.4,51.5
2025-04-22,20:34:16,21.4,51.5
2025-04-22,20:34:46,21.4,51.5
2025-04-22,20:35:16,21.4,51.5
2025-04-22,20:35:46,21.5,51.5
2025-04-22,20:36:16,21.5,51.5
2025-04-22,20:36:46,21.5,51.5
2025-04-22,20:37:16,21.4,51.5
2025-04-22,20:37:46,21.4,51.5
2025-04-22,20:38:16,21.4,51.6
2025-04-22,20:38:46,21.4,51.5
2025-04-22,20:39:19,21.4,51.5
2025-04-22,20:39:46,21.4,51.4
2025-04-22,20:40:16,21.5,51.5
2025-04-22,20:40:46,21.4,51.5
2025-04-22,20:41:16,21.4,51.5
2025-04-22,20:41:46,21.4,51.5
2025-04-22,20:42:16,21.4,51.5
2025-04-22,20:42:46,21.4,51.5
2025-04-22,20:43:16,21.5,51.5
2025-04-22,20:43:49,21.4,51.5
2025-04-22,20:44:16,21.4,51.4
2025-04-22,20:44:46,21.4,51.5
2025-04-22,20:45:16,21.4,51.4
2025-04-22,20:45:46,21.4,51.5
2025-04-22,20:46:16,21.4,51.5
2025-04-22,20:46:46,21.4,51.5
2025-04-22,20:47:16,21.4,51.5
2025-04-22,20:47:46,21.4,51.4
2025-04-22,20:48:16,21.4,51.5
2025-04-22,20:48:46,21.4,51.5
2025-04-22,20:49:16,21.4,51.5
2025-04-22,20:49:46,21.4,51.5
2025-04-22,20:50:16,21.4,51.4
2025-04-22,20:50:46,21.4,51.5
2025-04-22,20:51:16,21.5,51.4
2025-04-22,20:51:46,21.4,51.5
2025-04-22,20:52:16,21.4,51.5
2025-04-22,20:52:46,21.4,51.5
2025-04-22,20:53:16,21.4,51.4
2025-04-22,20:53:46,21.4,51.4
2025-04-22,20:54:16,21.4,51.5
2025-04-22,20:54:46,21.4,51.4
2025-04-22,20:55:16,21.4,51.4
2025-04-22,20:55:46,21.4,51.4
2025-04-22,20:56:16,21.4,51.4
2025-04-22,20:56:49,21.4,51.4
2025-04-22,20:57:16,21.4,51.4
2025-04-22,20:57:46,21.4,51.4
2025-04-22,20:58:16,21.4,51.4
2025-04-22,20:58:46,21.4,51.4
2025-04-22,20:59:19,21.4,51.4
2025-04-22,20:59:46,21.4,51.4
2025-04-22,21:00:16,21.4,51.4
2025-04-22,21:00:49,21.4,51.4
2025-04-22,21:01:16,21.4,51.4
2025-04-22,21:01:49,21.4,51.4
2025-04-22,21:02:16,21.4,51.4
2025-04-22,21:02:46,21.4,51.4
2025-04-22,21:03:16,21.4,51.4
2025-04-22,21:03:46,21.4,51.4
2025-04-22,21:04:19,21.4,51.4
2025-04-22,21:04:46,21.4,51.4
2025-04-22,21:05:16,21.4,51.4
2025-04-22,21:05:46,21.4,51.4
2025-04-22,21:06:16,21.4,51.3
2025-04-22,21:06:46,21.4,51.3
2025-04-22,21:07:16,21.4,51.3
2025-04-22,21:07:46,21.4,51.3
2025-04-22,21:08:16,21.4,51.3
2025-04-22,21:08:46,21.4,51.3
2025-04-22,21:09:16,21.4,51.4
2025-04-22,21:09:46,21.4,51.3
2025-04-22,21:10:16,21.4,51.3
2025-04-22,21:10:46,21.4,51.3
2025-04-22,21:11:16,21.4,51.3
2025-04-22,21:11:46,21.4,51.4
2025-04-22,21:12:16,21.4,51.3
2025-04-22,21:12:46,21.4,51.4
2025-04-22,21:13:16,21.4,51.3
2025-04-22,21:13:46,21.4,51.3
2025-04-22,21:14:16,21.4,51.3
2025-04-22,21:14:46,21.4,51.4
2025-04-22,21:15:16,21.4,51.3
2025-04-22,21:15:46,21.4,51.3
2025-04-22,21:16:16,21.4,51.3
2025-04-22,21:16:46,21.4,51.3
2025-04-22,21:17:19,21.4,51.3
2025-04-22,21:17:46,21.4,51.3
2025-04-22,21:18:19,21.4,51.3
2025-04-22,21:18:46,21.4,51.3
2025-04-22,21:19:16,21.4,51.3
2025-04-22,21:19:46,21.4,51.3
2025-04-22,21:20:16,21.4,51.3
2025-04-22,21:20:46,21.4,51.3
2025-04-22,21:21:19,21.4,51.3
2025-04-22,21:21:46,21.4,51.3
2025-04-22,21:22:16,21.4,51.3
2025-04-22,21:22:46,21.4,51.3
2025-04-22,21:23:16,21.4,51.3
2025-04-22,21:23:46,21.4,51.2
2025-04-22,21:24:16,21.4,51.2
2025-04-22,21:24:46,21.4,51.3
2025-04-22,21:25:16,21.4,51.3
2025-04-22,21:25:46,21.4,51.3
2025-04-22,21:26:16,21.4,51.3
2025-04-22,21:26:46,21.4,51.3
2025-04-22,21:27:16,21.4,51.3
2025-04-22,21:27:46,21.4,51.2
2025-04-22,21:28:16,21.4,51.2
2025-04-22,21:28:46,21.4,51.2
2025-04-22,21:29:16,21.4,51.2
2025-04-22,21:29:46,21.4,51.2
2025-04-22,21:30:16,21.4,51.2
2025-04-22,21:30:46,21.4,51.2
2025-04-22,21:31:16,21.4,51.3
2025-04-22,21:31:46,21.4,51.2
2025-04-22,21:32:16,21.4,51.3
2025-04-22,21:32:49,21.4,51.2
2025-04-22,21:33:16,21.4,51.2
2025-04-22,21:33:46,21.4,51.2
2025-04-22,21:34:16,21.4,51.2
2025-04-22,21:34:46,21.4,51.2
2025-04-22,21:35:16,21.4,51.2
2025-04-22,21:35:46,21.4,51.2
2025-04-22,21:36:16,21.4,51.2
2025-04-22,21:36:46,21.4,51.2
2025-04-22,21:37:16,21.4,51.2
2025-04-22,21:37:46,21.4,51.2
2025-04-22,21:38:16,21.4,51.2
2025-04-22,21:38:46,21.4,51.2
2025-04-22,21:39:16,21.4,51.2
2025-04-22,21:39:46,21.4,51.2
2025-04-22,21:40:16,21.4,51.2
2025-04-22,21:40:46,21.4,51.2
2025-04-22,21:41:16,21.4,51.2
2025-04-22,21:41:46,21.4,51.2
2025-04-22,21:42:16,21.4,51.2
2025-04-22,21:42:46,21.4,51.2
2025-04-22,21:43:16,21.4,51.2
2025-04-22,21:43:46,21.4,51.2
2025-04-22,21:44:16,21.4,51.2
2025-04-22,21:44:46,21.4,51.2
2025-04-22,21:45:16,21.4,51.2
2025-04-22,21:45:49,21.4,51.2
2025-04-22,21:46:16,21.4,51.1
2025-04-22,21:46:46,21.4,51.2
2025-04-22,21:47:19,21.4,51.1
2025-04-22,21:47:46,21.4,51.1
2025-04-22,21:48:16,21.4,51.1
2025-04-22,21:48:46,21.4,51.2
2025-04-22,21:49:16,21.4,51.1
2025-04-22,21:49:49,21.4,51.2
2025-04-22,21:50:16,21.4,51.1
2025-04-22,21:50:46,21.4,51.2
2025-04-22,21:51:16,21.4,51.2
2025-04-22,21:51:46,21.4,51.2
2025-04-22,21:52:16,21.4,51.2
2025-04-22,21:52:46,21.4,51.1
2025-04-22,21:53:16,21.4,51.1
2025-04-22,21:53:46,21.4,51.2
2025-04-22,21:54:16,21.4,51.1
2025-04-22,21:54:46,21.4,51.1
2025-04-22,21:55:16,21.4,51.1
2025-04-22,21:55:46,21.4,51.1
2025-04-22,21:56:16,21.4,51.1
2025-04-22,21:56:46,21.4,51.1
2025-04-22,21:57:16,21.4,51.1
2025-04-22,21:57:46,21.4,51.1
2025-04-22,21:58:16,21.4,51.1
2025-04-22,21:58:46,21.4,51.1
2025-04-22,21:59:16,21.4,51.1
2025-04-22,21:59:49,21.4,51.1
2025-04-22,22:00:16,21.4,51.1
2025-04-22,22:00:46,21.4,51.1
2025-04-22,22:01:16,21.4,51.1
2025-04-22,22:01:49,21.4,51.1
2025-04-22,22:02:16,21.4,51.1
2025-04-22,22:02:49,21.4,51.1
2025-04-22,22:03:16,21.4,51.1
2025-04-22,22:03:46,21.4,51.1
2025-04-22,22:04:16,21.4,51.1
2025-04-22,22:04:46,21.4,51.1
2025-04-22,22:05:16,21.4,51.1
2025-04-22,22:05:49,21.4,51.1
2025-04-22,22:06:16,21.4,51.0
2025-04-22,22:06:46,21.4,51.1
2025-04-22,22:07:19,21.4,51.1
2025-04-22,22:07:46,21.4,51.1
2025-04-22,22:08:16,21.4,51.1
2025-04-22,22:08:46,21.4,51.1
2025-04-22,22:09:16,21.4,51.1
2025-04-22,22:09:46,21.4,51.0
2025-04-22,22:10:16,21.4,51.1
2025-04-22,22:10:46,21.4,51.1
2025-04-22,22:11:16,21.4,51.1
2025-04-22,22:11:46,21.4,51.1
2025-04-22,22:12:16,21.4,51.1
2025-04-22,22:12:46,21.4,51.1
2025-04-22,22:13:16,21.4,51.1
2025-04-22,22:13:46,21.4,51.1
2025-04-22,22:14:16,21.4,51.1
2025-04-22,22:14:49,21.4,51.1
2025-04-22,22:15:16,21.4,51.0
2025-04-22,22:15:46,21.4,51.0
2025-04-22,22:16:16,21.4,51.0
2025-04-22,22:16:46,21.4,51.0
2025-04-22,22:17:16,21.4,51.0
2025-04-22,22:17:46,21.4,51.0
2025-04-22,22:18:16,21.4,51.1
2025-04-22,22:18:46,21.4,51.1
2025-04-22,22:19:16,21.4,51.1
2025-04-22,22:19:46,21.4,51.0
2025-04-22,22:20:16,21.4,51.0
2025-04-22,22:20:46,21.4,51.0
2025-04-22,22:21:16,21.4,51.0
2025-04-22,22:21:46,21.4,51.1
2025-04-22,22:22:16,21.4,51.0
2025-04-22,22:22:49,21.4,51.0
2025-04-22,22:23:16,21.4,51.0
2025-04-22,22:23:49,21.4,51.0
2025-04-22,22:24:16,21.4,51.0
2025-04-22,22:24:46,21.4,51.0
2025-04-22,22:25:16,21.4,51.0
2025-04-22,22:25:46,21.4,51.0
2025-04-22,22:26:16,21.4,51.0
2025-04-22,22:26:46,21.4,51.0
2025-04-22,22:27:16,21.3,51.0
2025-04-22,22:27:46,21.4,51.0
2025-04-22,22:28:16,21.4,51.0
2025-04-22,22:28:49,21.4,51.0
2025-04-22,22:29:16,21.4,51.0
2025-04-22,22:29:46,21.4,51.0
2025-04-22,22:30:16,21.4,51.0
2025-04-22,22:30:46,21.4,51.0
2025-04-22,22:31:16,21.4,51.0
2025-04-22,22:31:46,21.4,51.0
2025-04-22,22:32:16,21.4,51.0
2025-04-22,22:32:46,21.4,51.0
2025-04-22,22:33:16,21.4,51.0
2025-04-22,22:33:46,21.4,51.0
2025-04-22,22:34:16,21.4,51.0
2025-04-22,22:34:46,21.4,51.0
2025-04-22,22:35:16,21.4,51.0
2025-04-22,22:35:46,21.4,51.0
2025-04-22,22:36:16,21.4,51.0
2025-04-22,22:36:46,21.4,51.0
2025-04-22,22:37:16,21.4,50.9
2025-04-22,22:37:46,21.4,51.0
2025-04-22,22:38:16,21.4,50.9
2025-04-22,22:38:49,21.4,51.0
2025-04-22,22:39:16,21.4,50.9
2025-04-22,22:39:46,21.4,50.9
2025-04-22,22:40:16,21.4,51.0
2025-04-22,22:40:46,21.4,51.0
2025-04-22,22:41:16,21.4,50.9
2025-04-22,22:41:46,21.4,50.9
2025-04-22,22:42:16,21.4,50.9
2025-04-22,22:42:46,21.4,50.9
2025-04-22,22:43:16,21.4,50.9
2025-04-22,22:43:46,21.4,50.9
2025-04-22,22:44:16,21.4,50.9
2025-04-22,22:44:49,21.4,50.9
2025-04-22,22:45:16,21.4,50.9
2025-04-22,22:45:46,21.4,50.9
2025-04-22,22:46:16,21.4,50.9
2025-04-22,22:46:49,21.4,50.9
2025-04-22,22:47:16,21.4,50.9
2025-04-22,22:47:49,21.4,50.9
2025-04-22,22:48:16,21.4,50.9
2025-04-22,22:48:46,21.4,50.9
2025-04-22,22:49:16,21.4,50.9
2025-04-22,22:49:46,21.4,50.9
2025-04-22,22:50:16,21.4,50.9
2025-04-22,22:50:46,21.4,50.9
2025-04-22,22:51:16,21.4,50.9
2025-04-22,22:51:49,21.4,50.9
2025-04-22,22:52:16,21.4,50.9
2025-04-22,22:52:46,21.4,50.9
2025-04-22,22:53:16,21.4,50.9
2025-04-22,22:53:46,21.4,50.9
2025-04-22,22:54:16,21.4,50.9
2025-04-22,22:54:46,21.4,50.9
2025-04-22,22:55:16,21.4,50.9
2025-04-22,22:55:46,21.4,50.9
2025-04-22,22:56:16,21.4,50.9
2025-04-22,22:56:46,21.4,50.9
2025-04-22,22:57:16,21.4,50.9
2025-04-22,22:57:46,21.4,50.9
2025-04-22,22:58:16,21.4,50.9
2025-04-22,22:58:46,21.4,50.9
2025-04-22,22:59:16,21.4,50.9
2025-04-22,22:59:49,21.4,50.9
2025-04-22,23:00:16,21.4,50.9
2025-04-22,23:00:46,21.4,50.9
2025-04-22,23:01:16,21.4,50.8
2025-04-22,23:01:46,21.4,50.9
2025-04-22,23:02:16,21.3,50.9
2025-04-22,23:02:46,21.4,50.9
2025-04-22,23:03:19,21.4,50.8
2025-04-22,23:03:46,21.4,50.9
2025-04-22,23:04:16,21.4,50.9
2025-04-22,23:04:46,21.4,50.8
2025-04-22,23:05:16,21.4,50.9
2025-04-22,23:05:46,21.4,50.9
2025-04-22,23:06:16,21.4,50.9
2025-04-22,23:06:49,21.4,50.8
2025-04-22,23:07:16,21.4,50.8
2025-04-22,23:07:46,21.3,50.8
2025-04-22,23:08:16,21.4,50.9
2025-04-22,23:08:46,21.4,50.8
2025-04-22,23:09:16,21.4,50.8
2025-04-22,23:09:46,21.4,50.8
2025-04-22,23:10:16,21.4,50.8
2025-04-22,23:10:46,21.4,50.8
2025-04-22,23:11:16,21.3,50.9
2025-04-22,23:11:46,21.4,50.8
2025-04-22,23:12:16,21.4,50.8
2025-04-22,23:12:46,21.4,50.8
2025-04-22,23:13:16,21.4,50.9
2025-04-22,23:13:46,21.4,50.8
2025-04-22,23:14:16,21.4,50.9
2025-04-22,23:14:46,21.4,50.8
2025-04-22,23:15:19,21.4,50.8
2025-04-22,23:15:46,21.4,50.8
2025-04-22,23:16:16,21.4,50.8
2025-04-22,23:16:46,21.4,50.8
2025-04-22,23:17:16,21.3,50.8
2025-04-22,23:17:46,21.4,50.8
2025-04-22,23:18:16,21.3,50.8
2025-04-22,23:18:46,21.4,50.8
2025-04-22,23:19:16,21.3,50.8
2025-04-22,23:19:49,21.4,50.8
2025-04-22,23:20:16,21.4,50.8
2025-04-22,23:20:46,21.3,50.8
2025-04-22,23:21:16,21.4,50.8
2025-04-22,23:21:46,21.4,50.8
2025-04-22,23:22:16,21.4,50.8
2025-04-22,23:22:46,21.3,50.8
2025-04-22,23:23:16,21.3,50.8
2025-04-22,23:23:46,21.3,50.7
2025-04-22,23:24:16,21.4,50.8
2025-04-22,23:24:46,21.3,50.8
2025-04-22,23:25:16,21.3,50.8
2025-04-22,23:25:46,21.3,50.8
2025-04-22,23:26:16,21.4,50.8
2025-04-22,23:26:46,21.3,50.8
2025-04-22,23:27:16,21.3,50.8
2025-04-22,23:27:46,21.3,50.8
2025-04-22,23:28:16,21.3,50.8
2025-04-22,23:28:46,21.3,50.8
2025-04-22,23:29:16,21.3,50.8
2025-04-22,23:29:46,21.3,50.8
2025-04-22,23:30:16,21.3,50.8
2025-04-22,23:30:46,21.4,50.8
2025-04-22,23:31:16,21.4,50.8
2025-04-22,23:31:46,21.3,50.8
2025-04-22,23:32:16,21.4,50.8
2025-04-22,23:32:49,21.4,50.8
2025-04-22,23:33:16,21.3,50.8
2025-04-22,23:33:46,21.3,50.8
2025-04-22,23:34:16,21.3,50.8
2025-04-22,23:34:46,21.4,50.8
2025-04-22,23:35:16,21.3,50.8
2025-04-22,23:35:46,21.3,50.8
2025-04-22,23:36:16,21.3,50.8
2025-04-22,23:36:46,21.3,50.8
2025-04-22,23:37:16,21.3,50.8
2025-04-22,23:37:46,21.4,50.8
2025-04-22,23:38:16,21.3,50.8
2025-04-22,23:38:46,21.3,50.8
2025-04-22,23:39:19,21.3,50.8
2025-04-22,23:39:46,21.3,50.7
2025-04-22,23:40:16,21.3,50.8
2025-04-22,23:40:46,21.3,50.7
2025-04-22,23:41:16,21.3,50.7
2025-04-22,23:41:46,21.3,50.7
2025-04-22,23:42:16,21.3,50.8
2025-04-22,23:42:46,21.3,50.8
2025-04-22,23:43:16,21.3,50.7
2025-04-22,23:43:49,21.4,50.7
2025-04-22,23:44:16,21.3,50.8
2025-04-22,23:44:46,21.3,50.8
2025-04-22,23:45:16,21.3,50.8
2025-04-22,23:45:46,21.3,50.7
2025-04-22,23:46:16,21.3,50.7
2025-04-22,23:46:46,21.3,50.7
2025-04-22,23:47:16,21.3,50.8
2025-04-22,23:47:46,21.3,50.7
2025-04-22,23:48:16,21.4,50.7
2025-04-22,23:48:46,21.3,50.7
2025-04-22,23:49:16,21.3,50.7
2025-04-22,23:49:46,21.4,50.7
2025-04-22,23:50:16,21.3,50.7
2025-04-22,23:50:46,21.3,50.7
2025-04-22,23:51:16,21.3,50.7
2025-04-22,23:51:46,21.3,50.7
2025-04-22,23:52:16,21.3,50.7
2025-04-22,23:52:46,21.4,50.7
2025-04-22,23:53:16,21.3,50.7
2025-04-22,23:53:46,21.3,50.7
2025-04-22,23:54:16,21.3,50.7
2025-04-22,23:54:49,21.3,50.7
2025-04-22,23:55:16,21.3,50.7
2025-04-22,23:55:49,21.4,50.7
2025-04-22,23:56:16,21.3,50.7
2025-04-22,23:56:46,21.3,50.7
2025-04-22,23:57:16,21.4,50.7
2025-04-22,23:57:46,21.3,50.7
2025-04-22,23:58:16,21.3,50.7
2025-04-22,23:58:46,21.3,50.7
2025-04-22,23:59:16,21.3,50.7
2025-04-22,23:59:46,21.3,50.7
